0000000000000000000000000
0000000000000000000000000
0000111100000000111111100
0000111100000000111111100
0000000000000000111111100
0000000000000000111111100
0000000000000000000000000
0000000001000000000000000
0000000001000000000000000
0000000001000000000000000
0011100001000111111000000
0011100001000000000000000
0011100000000000000000000
0011100000000000000000000
0011100000000000000000000
0011100000001111110000000
0011100000001111110000000
0011100000000000000000000
0011100000000000000000000
0011100000000000000000000
0000000000000000000000000
0000000000000000000000000
0000000000000000011111100
0000000000000000000000000
0000000000000000000000000